[1] "testestest"
[1] "testestest"
[[1]]
[[1]]$flat_inf
[1] 0.0277927

[[1]]$single1_inf
[1] -0.02493169

[[1]]$single2_inf
[1] 0.04414135

[[1]]$single3_inf
[1] 0.06457717

[[1]]$diff1_inf
[1] 0.02489456

[[1]]$diff2_inf
[1] 0.02534928

[[1]]$diff3_inf
[1] 0.02525432

[[1]]$diff4_inf
[1] 0.02526165

[[1]]$diff5_inf
[1] 0.02526099

[[1]]$diff6_inf
[1] 0.02526105

[[1]]$flat_res
[1] 0.0947813

[[1]]$single1_res
[1] 0.1952438

[[1]]$single2_res
[1] 0.06241097

[[1]]$single3_res
[1] 0.04728847

[[1]]$diff1_res
[1] 0.100063

[[1]]$diff2_res
[1] 0.09913924

[[1]]$diff3_res
[1] 0.09931985

[[1]]$diff4_res
[1] 0.09921065

[[1]]$diff5_res
[1] 0.09920806

[[1]]$diff6_res
[1] 0.09920829

[[1]]$beta
[1] 2.529018

[[1]]$mu_w
[1] 0.09637236

[[1]]$mu_r
[1] 0.08346855

[[1]]$mu_t
[1] 0.07078591

[[1]]$eta_wr
[1] 0.7450722

[[1]]$eta_rw
[1] 0.279866

[[1]]$c1
[1] 0.9186941

[[1]]$c2
[1] 0.5911976

[[1]]$c3
[1] 0.5074644

[[1]]$rho
[1] 0.6715587

[[1]]$base_tax
[1] 0.1397906


[[2]]
[[2]]$flat_inf
[1] 0.04338363

[[2]]$single1_inf
[1] -0.07173334

[[2]]$single2_inf
[1] 0.09170699

[[2]]$single3_inf
[1] 0.1099625

[[2]]$diff1_inf
[1] 0.03448839

[[2]]$diff2_inf
[1] 0.03671776

[[2]]$diff3_inf
[1] 0.03587406

[[2]]$diff4_inf
[1] 0.03605623

[[2]]$diff5_inf
[1] 0.03600236

[[2]]$diff6_inf
[1] 0.0360113

[[2]]$flat_res
[1] 0.04229117

[[2]]$single1_res
[1] 0.08134217

[[2]]$single2_res
[1] 0.04577618

[[2]]$single3_res
[1] 0.01059677

[[2]]$diff1_res
[1] 0.04660698

[[2]]$diff2_res
[1] 0.04592545

[[2]]$diff3_res
[1] 0.04624662

[[2]]$diff4_res
[1] 0.04615953

[[2]]$diff5_res
[1] 0.04617538

[[2]]$diff6_res
[1] 0.04617742

[[2]]$beta
[1] 1.835995

[[2]]$mu_w
[1] 0.1593399

[[2]]$mu_r
[1] 0.0869001

[[2]]$mu_t
[1] 0.0505541

[[2]]$eta_wr
[1] 0.2060126

[[2]]$eta_rw
[1] 0.1873222

[[2]]$c1
[1] 0.9219937

[[2]]$c2
[1] 0.9175177

[[2]]$c3
[1] 0.570373

[[2]]$rho
[1] 0.1526511

[[2]]$base_tax
[1] 0.2660268


[[3]]
[[3]]$flat_inf
[1] 0.01160973

[[3]]$single1_inf
[1] -0.0384874

[[3]]$single2_inf
[1] 0.03521025

[[3]]$single3_inf
[1] 0.03856361

[[3]]$diff1_inf
[1] 0.01056397

[[3]]$diff2_inf
[1] 0.01259609

[[3]]$diff3_inf
[1] 0.0103011

[[3]]$diff4_inf
[1] 0.01190684

[[3]]$diff5_inf
[1] 0.01059563

[[3]]$diff6_inf
[1] 0.01131708

[[3]]$flat_res
[1] 0.0567068

[[3]]$single1_res
[1] 0.08351994

[[3]]$single2_res
[1] 0.02937846

[[3]]$single3_res
[1] 0.02404357

[[3]]$diff1_res
[1] 0.05716176

[[3]]$diff2_res
[1] 0.05106008

[[3]]$diff3_res
[1] 0.05493529

[[3]]$diff4_res
[1] 0.05218498

[[3]]$diff5_res
[1] 0.05387451

[[3]]$diff6_res
[1] 0.05300748

[[3]]$beta
[1] 5.277639

[[3]]$mu_w
[1] 0.1959823

[[3]]$mu_r
[1] 0.07111328

[[3]]$mu_t
[1] 0.03898102

[[3]]$eta_wr
[1] 0.3961988

[[3]]$eta_rw
[1] 0.7861394

[[3]]$c1
[1] 0.938949

[[3]]$c2
[1] 0.797355

[[3]]$c3
[1] 0.6485207

[[3]]$rho
[1] 0.5092101

[[3]]$base_tax
[1] 0.7496745


[[4]]
[[4]]$flat_inf
[1] 0.004888409

[[4]]$single1_inf
[1] -0.01765813

[[4]]$single2_inf
[1] 0.005985807

[[4]]$single3_inf
[1] 0.02723542

[[4]]$diff1_inf
[1] 0.001386376

[[4]]$diff2_inf
[1] 0.002115374

[[4]]$diff3_inf
[1] 0.001918065

[[4]]$diff4_inf
[1] 0.001918616

[[4]]$diff5_inf
[1] 0.001918536

[[4]]$diff6_inf
[1] 0.001918547

[[4]]$flat_res
[1] 0.07150046

[[4]]$single1_res
[1] 0.1289043

[[4]]$single2_res
[1] 0.05976828

[[4]]$single3_res
[1] 0.03073712

[[4]]$diff1_res
[1] 0.08093665

[[4]]$diff2_res
[1] 0.07891305

[[4]]$diff3_res
[1] 0.07928324

[[4]]$diff4_res
[1] 0.07921006

[[4]]$diff5_res
[1] 0.07920675

[[4]]$diff6_res
[1] 0.0792072

[[4]]$beta
[1] 7.194979

[[4]]$mu_w
[1] 0.1675629

[[4]]$mu_r
[1] 0.1368492

[[4]]$mu_t
[1] 0.04226196

[[4]]$eta_wr
[1] 0.6502368

[[4]]$eta_rw
[1] 0.08099506

[[4]]$c1
[1] 0.9536979

[[4]]$c2
[1] 0.8109049

[[4]]$c3
[1] 0.7308676

[[4]]$rho
[1] 0.7377702

[[4]]$base_tax
[1] 0.1909006


[[5]]
[[5]]$flat_inf
[1] 0.02009394

[[5]]$single1_inf
[1] -0.07473537

[[5]]$single2_inf
[1] 0.0514687

[[5]]$single3_inf
[1] 0.08760254

[[5]]$diff1_inf
[1] 0.003875119

[[5]]$diff2_inf
[1] 0.01181087

[[5]]$diff3_inf
[1] 0.007275836

[[5]]$diff4_inf
[1] 0.009223887

[[5]]$diff5_inf
[1] 0.008457598

[[5]]$diff6_inf
[1] 0.008692432

[[5]]$flat_res
[1] 0.08986458

[[5]]$single1_res
[1] 0.1670089

[[5]]$single2_res
[1] 0.05349572

[[5]]$single3_res
[1] 0.01718561

[[5]]$diff1_res
[1] 0.1092734

[[5]]$diff2_res
[1] 0.09800692

[[5]]$diff3_res
[1] 0.103065

[[5]]$diff4_res
[1] 0.1010383

[[5]]$diff5_res
[1] 0.1018013

[[5]]$diff6_res
[1] 0.1015716

[[5]]$beta
[1] 1.763881

[[5]]$mu_w
[1] 0.1435533

[[5]]$mu_r
[1] 0.0791716

[[5]]$mu_t
[1] 0.0495118

[[5]]$eta_wr
[1] 0.4103002

[[5]]$eta_rw
[1] 0.1022895

[[5]]$c1
[1] 0.9923652

[[5]]$c2
[1] 0.7322923

[[5]]$c3
[1] 0.7318065

[[5]]$rho
[1] 0.4487651

[[5]]$base_tax
[1] 0.3241452


[[6]]
[[6]]$flat_inf
[1] 4.871056e-92

[[6]]$single1_inf
[1] -5.807931e-92

[[6]]$single2_inf
[1] 9.500115e-92

[[6]]$single3_inf
[1] 1.105581e-91

[[6]]$diff1_inf
[1] 4.784932e-92

[[6]]$diff2_inf
[1] 3.059298e-91

[[6]]$diff3_inf
[1] 3.059298e-91

[[6]]$diff4_inf
[1] 3.059298e-91

[[6]]$diff5_inf
[1] 3.059298e-91

[[6]]$diff6_inf
[1] 3.059298e-91

[[6]]$flat_res
[1] 0.01728551

[[6]]$single1_res
[1] 0.05185653

[[6]]$single2_res
[1] 0.05185653

[[6]]$single3_res
[1] 0.05185653

[[6]]$diff1_res
[1] 0.01723679

[[6]]$diff2_res
[1] 0.1102052

[[6]]$diff3_res
[1] 0.1102052

[[6]]$diff4_res
[1] 0.1102052

[[6]]$diff5_res
[1] 0.1102052

[[6]]$diff6_res
[1] 0.1102052

[[6]]$beta
[1] 0.1193255

[[6]]$mu_w
[1] 0.1336717

[[6]]$mu_r
[1] 0.09571902

[[6]]$mu_t
[1] 0.08519327

[[6]]$eta_wr
[1] 0.9944045

[[6]]$eta_rw
[1] 0.8833754

[[6]]$c1
[1] 0.9006676

[[6]]$c2
[1] 0.7453217

[[6]]$c3
[1] 0.6636509

[[6]]$rho
[1] 0.5427039

[[6]]$base_tax
[1] 0.0550892


[[7]]
[[7]]$flat_inf
[1] 0.01174382

[[7]]$single1_inf
[1] -0.03009724

[[7]]$single2_inf
[1] 0.03248731

[[7]]$single3_inf
[1] 0.0328414

[[7]]$diff1_inf
[1] 0.0116822

[[7]]$diff2_inf
[1] 0.0117234

[[7]]$diff3_inf
[1] 0.01168637

[[7]]$diff4_inf
[1] 0.01172374

[[7]]$diff5_inf
[1] 0.01167953

[[7]]$diff6_inf
[1] 0.01170187

[[7]]$flat_res
[1] 0.00931055

[[7]]$single1_res
[1] 0.01632297

[[7]]$single2_res
[1] 0.009028817

[[7]]$single3_res
[1] 0.007828468

[[7]]$diff1_res
[1] 0.009314964

[[7]]$diff2_res
[1] 0.01036431

[[7]]$diff3_res
[1] 0.009569766

[[7]]$diff4_res
[1] 0.009831938

[[7]]$diff5_res
[1] 0.009698992

[[7]]$diff6_res
[1] 0.009741961

[[7]]$beta
[1] 5.81104

[[7]]$mu_w
[1] 0.182781

[[7]]$mu_r
[1] 0.1403175

[[7]]$mu_t
[1] 0.0320913

[[7]]$eta_wr
[1] 0.02237762

[[7]]$eta_rw
[1] 0.5081508

[[7]]$c1
[1] 0.7187057

[[7]]$c2
[1] 0.7104089

[[7]]$c3
[1] 0.7038578

[[7]]$rho
[1] 0.7584496

[[7]]$base_tax
[1] 0.6454346


[[8]]
[[8]]$flat_inf
[1] 0.004397608

[[8]]$single1_inf
[1] -0.01903227

[[8]]$single2_inf
[1] 0.01557186

[[8]]$single3_inf
[1] 0.01643696

[[8]]$diff1_inf
[1] 0.004165024

[[8]]$diff2_inf
[1] 0.00429265

[[8]]$diff3_inf
[1] 0.004236464

[[8]]$diff4_inf
[1] 0.004258851

[[8]]$diff5_inf
[1] 0.004255464

[[8]]$diff6_inf
[1] 0.004255893

[[8]]$flat_res
[1] 0.05282753

[[8]]$single1_res
[1] 0.09898511

[[8]]$single2_res
[1] 0.03483771

[[8]]$single3_res
[1] 0.03315075

[[8]]$diff1_res
[1] 0.05313135

[[8]]$diff2_res
[1] 0.05300392

[[8]]$diff3_res
[1] 0.05302059

[[8]]$diff4_res
[1] 0.05301685

[[8]]$diff5_res
[1] 0.05301641

[[8]]$diff6_res
[1] 0.0530134

[[8]]$beta
[1] 9.466737

[[8]]$mu_w
[1] 0.1687589

[[8]]$mu_r
[1] 0.0493904

[[8]]$mu_t
[1] 0.03981714

[[8]]$eta_wr
[1] 0.3549109

[[8]]$eta_rw
[1] 0.9476804

[[8]]$c1
[1] 0.9994199

[[8]]$c2
[1] 0.9013521

[[8]]$c3
[1] 0.8651336

[[8]]$rho
[1] 0.7425723

[[8]]$base_tax
[1] 0.2641752


[[9]]
[[9]]$flat_inf
[1] 0.009382327

[[9]]$single1_inf
[1] -0.01883853

[[9]]$single2_inf
[1] 0.02227379

[[9]]$single3_inf
[1] 0.0246009

[[9]]$diff1_inf
[1] 0.008788948

[[9]]$diff2_inf
[1] 0.009254976

[[9]]$diff3_inf
[1] 0.008802198

[[9]]$diff4_inf
[1] 0.009043892

[[9]]$diff5_inf
[1] 0.008916322

[[9]]$diff6_inf
[1] 0.008982154

[[9]]$flat_res
[1] 0.064051

[[9]]$single1_res
[1] 0.1024484

[[9]]$single2_res
[1] 0.03953875

[[9]]$single3_res
[1] 0.02984245

[[9]]$diff1_res
[1] 0.06494379

[[9]]$diff2_res
[1] 0.06148275

[[9]]$diff3_res
[1] 0.06297064

[[9]]$diff4_res
[1] 0.06227294

[[9]]$diff5_res
[1] 0.0625653

[[9]]$diff6_res
[1] 0.06246279

[[9]]$beta
[1] 7.157748

[[9]]$mu_w
[1] 0.1526452

[[9]]$mu_r
[1] 0.1092735

[[9]]$mu_t
[1] 0.03595252

[[9]]$eta_wr
[1] 0.2432574

[[9]]$eta_rw
[1] 0.3568665

[[9]]$c1
[1] 0.6860556

[[9]]$c2
[1] 0.5629372

[[9]]$c3
[1] 0.5474724

[[9]]$rho
[1] 0.5334404

[[9]]$base_tax
[1] 0.5155868


[[10]]
[[10]]$flat_inf
[1] 0.004625926

[[10]]$single1_inf
[1] -0.005905438

[[10]]$single2_inf
[1] 0.005905438

[[10]]$single3_inf
[1] 0.01446832

[[10]]$diff1_inf
[1] 0.003254672

[[10]]$diff2_inf
[1] 0.003582616

[[10]]$diff3_inf
[1] 0.003469887

[[10]]$diff4_inf
[1] 0.003470778

[[10]]$diff5_inf
[1] 0.003470622

[[10]]$diff6_inf
[1] 0.003470647

[[10]]$flat_res
[1] 0.07222351

[[10]]$single1_res
[1] 0.1165733

[[10]]$single2_res
[1] 0.07789273

[[10]]$single3_res
[1] 0.02385797

[[10]]$diff1_res
[1] 0.07880375

[[10]]$diff2_res
[1] 0.0768998

[[10]]$diff3_res
[1] 0.07736796

[[10]]$diff4_res
[1] 0.07728266

[[10]]$diff5_res
[1] 0.07727917

[[10]]$diff6_res
[1] 0.07727974

[[10]]$beta
[1] 8.438169

[[10]]$mu_w
[1] 0.09251402

[[10]]$mu_r
[1] 0.04379884

[[10]]$mu_t
[1] 0.0342582

[[10]]$eta_wr
[1] 0.2330859

[[10]]$eta_rw
[1] 0.02221856

[[10]]$c1
[1] 0.5910326

[[10]]$c2
[1] 0.5652642

[[10]]$c3
[1] 0.500533

[[10]]$rho
[1] 0.4403931

[[10]]$base_tax
[1] 0.1934986


Time difference of 42.05168 secs
